0.01 0.498
0.02 0.511
0.03 0.473
0.04 0.504
0.05 0.456
0.06 0.495
0.07 0.505
0.08 0.602
0.09 0.587
0.1 0.596
0.11 0.525
0.12 0.514
0.13 0.511
0.14 0.517
0.15 0.530
0.16 0.521
0.17 0.521
0.18 0.595
0.19 0.597
0.2 0.599
0.21 0.533
0.22 0.516
0.23 0.413
0.24 0.516
0.25 0.517
0.26 0.548
0.27 0.528
0.28 0.515
0.29 0.516
0.3 0.517
0.31 0.504
0.32 0.420
0.33 0.519
0.34 0.517
0.35 0.516
0.36 0.486
0.37 0.479
0.38 0.518
0.39 0.483
0.4 0.514
0.41 0.489
0.42 0.537
0.43 0.520
0.44 0.516
0.45 0.589
0.46 0.608
0.47 0.520
0.48 0.516
0.49 0.518
0.5 0.519
0.51 0.513
0.52 0.514
0.53 0.514
0.54 0.576
0.55 0.503
0.56 0.508
0.57 0.591
0.58 0.511
0.59 0.517
0.6 0.513
0.61 0.590
0.62 0.512
0.63 0.524
0.64 0.592
0.65 0.593
0.66 0.517
0.67 0.593
0.68 0.594
0.69 0.521
0.7 0.519
0.71 0.521
0.72 0.516
0.73 0.510
0.74 0.524
0.75 0.508
0.76 0.507
0.77 0.514
0.78 0.519
0.79 0.518
0.8 0.518
0.81 0.519
0.82 0.518
0.83 0.521
0.84 0.516
0.85 0.588
0.86 0.521
0.87 0.517
0.88 0.514
0.89 0.547
0.9 0.535
0.91 0.515
0.92 0.519
0.93 0.518
0.94 0.594
0.95 0.517
0.96 0.441
0.97 0.518
0.98 0.517
0.99 0.526
1 0.594
1.01 0.510
1.02 0.594
1.03 0.505
1.04 0.515
1.05 0.510
1.06 0.614
1.07 0.493
1.08 0.517
1.09 0.517
1.1 0.595
1.11 0.598
1.12 0.598
1.13 0.509
1.14 0.599
1.15 0.598
1.16 0.518
1.17 0.517
1.18 0.568
1.19 0.516
1.2 0.524
1.21 0.508
1.22 0.522
1.23 0.513
1.24 0.597
1.25 0.513
1.26 0.585
1.27 0.606
1.28 0.597
1.29 0.514
1.3 0.515
1.31 0.530
1.32 0.516
1.33 0.508
1.34 0.592
1.35 0.518
1.36 0.535
1.37 0.521
1.38 0.524
1.39 0.422
1.4 0.514
1.41 0.514
1.42 0.593
1.43 0.520
1.44 0.526
1.45 0.590
1.46 0.521
1.47 0.515
1.48 0.590
1.49 0.521
1.5 0.517
1.51 0.533
1.52 0.510
1.53 0.590
1.54 0.514
1.55 0.507
1.56 0.512
1.57 0.511
1.58 0.509
1.59 0.521
1.6 0.524
1.61 0.597
1.62 0.595
1.63 0.521
1.64 0.526
1.65 0.459
1.66 0.510
1.67 0.512
1.68 0.428
1.69 0.510
1.7 0.511
1.71 0.507
1.72 0.508
1.73 0.510
1.74 0.507
1.75 0.517
1.76 0.591
1.77 0.518
1.78 0.518
1.79 0.594
1.8 0.514
1.81 0.517
1.82 0.526
1.83 0.515
1.84 0.591
1.85 0.519
1.86 0.515
1.87 0.429
1.88 0.508
1.89 0.515
1.9 0.601
1.91 0.517
1.92 0.512
1.93 0.591
1.94 0.593
1.95 0.593
1.96 0.593
1.97 0.591
1.98 0.484
1.99 0.525
2 0.596
2.01 0.591
2.02 0.490
2.03 0.444
2.04 0.516
2.05 0.518
2.06 0.521
2.07 0.590
2.08 0.518
2.09 0.520
2.1 0.522
2.11 0.589
2.12 0.519
2.13 0.594
2.14 0.514
2.15 0.432
2.16 0.530
2.17 0.516
2.18 0.521
2.19 0.582
2.2 0.512
2.21 0.596
2.22 0.509
2.23 0.515
2.24 0.413
2.25 0.515
2.26 0.521
2.27 0.593
2.28 0.595
2.29 0.419
2.3 0.514
2.31 0.522
2.32 0.514
2.33 0.515
2.34 0.521
2.35 0.589
2.36 0.526
2.37 0.517
2.38 0.513
2.39 0.588
2.4 0.591
2.41 0.587
2.42 0.518
2.43 0.591
2.44 0.594
2.45 0.517
2.46 0.514
2.47 0.595
2.48 0.513
2.49 0.513
2.5 0.598
2.51 0.520
2.52 0.514
2.53 0.481
2.54 0.515
2.55 0.518
2.56 0.512
2.57 0.583
2.58 0.515
2.59 0.524
2.6 0.510
2.61 0.510
2.62 0.517
2.63 0.386
2.64 0.416
2.65 0.563
2.66 0.358
2.67 0.411
2.68 0.515
2.69 0.512
2.7 0.507
2.71 0.588
2.72 0.588
2.73 0.513
2.74 0.543
2.75 0.514
2.76 0.521
2.77 0.408
2.78 0.499
2.79 0.590
2.8 0.518
2.81 0.527
2.82 0.522
2.83 0.501
2.84 0.504
2.85 0.487
2.86 0.594
2.87 0.589
2.88 0.518
2.89 0.511
2.9 0.441
2.91 0.509
2.92 0.536
2.93 0.512
2.94 0.529
2.95 0.522
2.96 0.515
2.97 0.507
2.98 0.523
2.99 0.424
3 0.510
3.01 0.483
3.02 0.504
3.03 0.516
3.04 0.513
3.05 0.583
3.06 0.512
3.07 0.514
3.08 0.510
3.09 0.511
3.1 0.594
3.11 0.591
3.12 0.593
3.13 0.520
3.14 0.589
3.15 0.510
3.16 0.517
3.17 0.583
3.18 0.515
3.19 0.509
3.2 0.593
3.21 0.524
3.22 0.513
3.23 0.525
3.24 0.514
3.25 0.584
3.26 0.599
3.27 0.591
3.28 0.576
3.29 0.530
3.3 0.596
3.31 0.512
3.32 0.596
3.33 0.494
3.34 0.504
3.35 0.507
3.36 0.482
3.37 0.520
3.38 0.409
3.39 0.528
3.4 0.512
3.41 0.496
3.42 0.517
3.43 0.516
3.44 0.514
3.45 0.589
3.46 0.509
3.47 0.512
3.48 0.514
3.49 0.509
3.5 0.509
3.51 0.518
3.52 0.513
3.53 0.591
3.54 0.517
3.55 0.511
3.56 0.529
3.57 0.591
3.58 0.593
3.59 0.531
3.6 0.514
3.61 0.521
3.62 0.519
3.63 0.512
3.64 0.510
3.65 0.518
3.66 0.516
3.67 0.518
3.68 0.509
3.69 0.511
3.7 0.508
3.71 0.516
3.72 0.515
3.73 0.585
3.74 0.597
3.75 0.522
3.76 0.509
3.77 0.512
3.78 0.511
3.79 0.496
3.8 0.502
3.81 0.514
3.82 0.507
3.83 0.512
3.84 0.521
3.85 0.588
3.86 0.495
3.87 0.508
3.88 0.506
3.89 0.584
3.9 0.593
3.91 0.514
3.92 0.512
3.93 0.513
3.94 0.518
3.95 0.592
3.96 0.514
3.97 0.508
3.98 0.590
3.99 0.511
4 0.521
4.01 0.520
4.02 0.508
4.03 0.515
4.04 0.596
4.05 0.595
4.06 0.513
4.07 0.597
4.08 0.515
4.09 0.520
4.1 0.528
4.11 0.597
4.12 0.485
4.13 0.508
4.14 0.510
4.15 0.514
4.16 0.596
4.17 0.508
4.18 0.513
4.19 0.523
4.2 0.516
4.21 0.525
4.22 0.507
4.23 0.515
4.24 0.513
4.25 0.524
4.26 0.518
4.27 0.595
4.28 0.513
4.29 0.515
4.3 0.516
4.31 0.422
4.32 0.512
4.33 0.514
4.34 0.514
4.35 0.514
4.36 0.592
4.37 0.597
4.38 0.514
4.39 0.518
4.4 0.512
4.41 0.512
4.42 0.521
4.43 0.507
4.44 0.506
4.45 0.515
4.46 0.601
4.47 0.516
4.48 0.508
4.49 0.593
4.5 0.510
4.51 0.518
4.52 0.507
4.53 0.537
4.54 0.510
4.55 0.513
4.56 0.459
4.57 0.508
4.58 0.597
4.59 0.518
4.6 0.513
4.61 0.518
4.62 0.460
4.63 0.518
4.64 0.550
4.65 0.595
4.66 0.508
4.67 0.502
4.68 0.592
4.69 0.590
4.7 0.592
4.71 0.511
4.72 0.593
4.73 0.593
4.74 0.517
4.75 0.512
4.76 0.530
4.77 0.513
4.78 0.518
4.79 0.509
4.8 0.507
4.81 0.486
4.82 0.515
4.83 0.508
4.84 0.508
4.85 0.494
4.86 0.512
4.87 0.418
4.88 0.514
4.89 0.513
4.9 0.599
4.91 0.602
4.92 0.514
4.93 0.514
4.94 0.511
4.95 0.511
4.96 0.514
4.97 0.509
4.98 0.506
4.99 0.510
5 0.501
5.01 0.507
5.02 0.518
5.03 0.517
5.04 0.592
5.05 0.595
5.06 0.520
5.07 0.510
5.08 0.509
5.09 0.508
5.1 0.512
5.11 0.518
5.12 0.518
5.13 0.508
5.14 0.512
5.15 0.524
5.16 0.415
5.17 0.510
5.18 0.513
5.19 0.514
5.2 0.595
5.21 0.517
5.22 0.510
5.23 0.571
5.24 0.512
5.25 0.438
5.26 0.506
5.27 0.508
5.28 0.523
5.29 0.507
5.3 0.507
5.31 0.510
5.32 0.509
5.33 0.586
5.34 0.510
5.35 0.510
5.36 0.511
5.37 0.603
5.38 0.513
5.39 0.511
5.4 0.512
5.41 0.512
5.42 0.502
5.43 0.417
5.44 0.516
5.45 0.514
5.46 0.503
5.47 0.514
5.48 0.507
5.49 0.586
5.5 0.586
5.51 0.589
5.52 0.591
5.53 0.592
5.54 0.607
5.55 0.592
5.56 0.508
5.57 0.519
5.58 0.502
5.59 0.515
5.6 0.494
5.61 0.507
5.62 0.416
5.63 0.517
5.64 0.507
5.65 0.502
5.66 0.507
5.67 0.520
5.68 0.501
5.69 0.553
5.7 0.601
5.71 0.591
5.72 0.513
5.73 0.421
5.74 0.518
5.75 0.508
5.76 0.595
5.77 0.590
5.78 0.424
5.79 0.512
5.8 0.512
5.81 0.507
5.82 0.597
5.83 0.597
5.84 0.508
5.85 0.521
5.86 0.512
5.87 0.514
5.88 0.510
5.89 0.512
5.9 0.514
5.91 0.507
5.92 0.592
5.93 0.520
5.94 0.596
5.95 0.519
5.96 0.597
5.97 0.512
5.98 0.513
5.99 0.517
6 0.507
6.01 0.435
6.02 0.516
6.03 0.512
6.04 0.550
6.05 0.518
6.06 0.624
6.07 0.521
6.08 0.496
6.09 0.507
6.1 0.507
6.11 0.507
6.12 0.585
6.13 0.558
6.14 0.508
6.15 0.604
6.16 0.512
6.17 0.518
6.18 0.502
6.19 0.516
6.2 0.505
6.21 0.510
6.22 0.515
6.23 0.594
6.24 0.512
6.25 0.515
6.26 0.517
6.27 0.512
6.28 0.510
6.29 0.591
6.3 0.594
6.31 0.511
6.32 0.514
6.33 0.512
6.34 0.596
6.35 0.510
6.36 0.519
6.37 0.507
6.38 0.596
6.39 0.505
6.4 0.597
6.41 0.508
6.42 0.594
6.43 0.520
6.44 0.511
6.45 0.522
6.46 0.515
6.47 0.522
6.48 0.529
6.49 0.512
6.5 0.591
6.51 0.509
6.52 0.516
6.53 0.600
6.54 0.590
6.55 0.516
6.56 0.514
6.57 0.593
6.58 0.517
6.59 0.512
6.6 0.515
6.61 0.514
6.62 0.506
6.63 0.591
6.64 0.597
6.65 0.422
6.66 0.516
6.67 0.514
6.68 0.518
6.69 0.504
6.7 0.500
6.71 0.516
6.72 0.501
6.73 0.502
6.74 0.511
6.75 0.388
6.76 0.521
6.77 0.510
6.78 0.513
6.79 0.591
6.8 0.593
6.81 0.503
6.82 0.506
6.83 0.501
6.84 0.595
6.85 0.588
6.86 0.516
6.87 0.511
6.88 0.505
6.89 0.589
6.9 0.511
6.91 0.509
6.92 0.511
6.93 0.520
6.94 0.507
6.95 0.508
6.96 0.594
6.97 0.517
6.98 0.512
6.99 0.513
7 0.588
7.01 0.510
7.02 0.587
7.03 0.595
7.04 0.586
7.05 0.598
7.06 0.423
7.07 0.510
7.08 0.502
7.09 0.587
7.1 0.601
7.11 0.490
7.12 0.510
7.13 0.387
7.14 0.538
7.15 0.503
7.16 0.516
7.17 0.583
7.18 0.502
7.19 0.417
7.2 0.509
7.21 0.511
7.22 0.501
7.23 0.492
7.24 0.515
7.25 0.508
7.26 0.511
7.27 0.593
7.28 0.511
7.29 0.593
7.3 0.592
7.31 0.512
7.32 0.602
7.33 0.594
7.34 0.504
7.35 0.505
7.36 0.515
7.37 0.509
7.38 0.512
7.39 0.532
7.4 0.421
7.41 0.520
7.42 0.598
7.43 0.516
7.44 0.514
7.45 0.588
7.46 0.508
7.47 0.509
7.48 0.522
7.49 0.509
7.5 0.499
7.51 0.507
7.52 0.502
7.53 0.508
7.54 0.509
7.55 0.515
7.56 0.607
7.57 0.597
7.58 0.602
7.59 0.510
7.6 0.512
7.61 0.509
7.62 0.530
7.63 0.508
7.64 0.473
7.65 0.513
7.66 0.516
7.67 0.513
7.68 0.593
7.69 0.512
7.7 0.512
7.71 0.509
7.72 0.509
7.73 0.514
7.74 0.497
7.75 0.519
7.76 0.511
7.77 0.502
7.78 0.440
7.79 0.518
7.8 0.511
7.81 0.519
7.82 0.515
7.83 0.592
7.84 0.485
7.85 0.521
7.86 0.513
7.87 0.589
7.88 0.600
7.89 0.515
7.9 0.508
7.91 0.507
7.92 0.595
7.93 0.506
7.94 0.433
7.95 0.510
7.96 0.593
7.97 0.514
7.98 0.513
7.99 0.517
8 0.517
8.01 0.597
8.02 0.491
8.03 0.406
8.04 0.513
8.05 0.590
8.06 0.583
8.07 0.588
8.08 0.516
8.09 0.509
8.1 0.589
8.11 0.510
8.12 0.589
8.13 0.593
8.14 0.593
8.15 0.515
8.16 0.510
8.17 0.595
8.18 0.509
8.19 0.507
8.2 0.506
8.21 0.512
8.22 0.510
8.23 0.521
8.24 0.511
8.25 0.515
8.26 0.518
8.27 0.441
8.28 0.502
8.29 0.503
8.3 0.593
8.31 0.595
8.32 0.512
8.33 0.509
8.34 0.507
8.35 0.509
8.36 0.588
8.37 0.498
8.38 0.515
8.39 0.509
8.4 0.511
8.41 0.547
8.42 0.526
8.43 0.594
8.44 0.589
8.45 0.519
8.46 0.508
8.47 0.508
8.48 0.512
8.49 0.510
8.5 0.586
8.51 0.510
8.52 0.587
8.53 0.519
8.54 0.512
8.55 0.430
8.56 0.515
8.57 0.431
8.58 0.517
8.59 0.503
8.6 0.516
8.61 0.506
8.62 0.418
8.63 0.512
8.64 0.507
8.65 0.502
8.66 0.498
8.67 0.497
8.68 0.497
8.69 0.486
8.7 0.505
8.71 0.499
8.72 0.524
8.73 0.505
8.74 0.514
8.75 0.512
8.76 0.509
8.77 0.511
8.78 0.517
8.79 0.515
8.8 0.514
8.81 0.513
8.82 0.534
8.83 0.503
8.84 0.512
8.85 0.492
8.86 0.511
8.87 0.502
8.88 0.516
8.89 0.510
8.9 0.601
8.91 0.595
8.92 0.602
8.93 0.502
8.94 0.505
8.95 0.512
8.96 0.596
8.97 0.524
8.98 0.595
8.99 0.511
9 0.492
9.01 0.516
9.02 0.421
9.03 0.509
9.04 0.527
9.05 0.519
9.06 0.612
9.07 0.597
9.08 0.595
9.09 0.593
9.1 0.393
9.11 0.510
9.12 0.511
9.13 0.512
9.14 0.510
9.15 0.506
9.16 0.512
9.17 0.515
9.18 0.514
9.19 0.536
9.2 0.525
9.21 0.595
9.22 0.601
9.23 0.513
9.24 0.522
9.25 0.507
9.26 0.586
9.27 0.517
9.28 0.585
9.29 0.504
9.3 0.590
9.31 0.593
9.32 0.499
9.33 0.581
9.34 0.502
9.35 0.515
9.36 0.507
9.37 0.508
9.38 0.503
9.39 0.586
9.4 0.532
9.41 0.509
9.42 0.517
9.43 0.503
9.44 0.607
9.45 0.517
9.46 0.500
9.47 0.502
9.48 0.507
9.49 0.517
9.5 0.488
9.51 0.527
9.52 0.512
9.53 0.511
9.54 0.525
9.55 0.508
9.56 0.513
9.57 0.597
9.58 0.594
9.59 0.586
9.6 0.421
9.61 0.513
9.62 0.508
9.63 0.509
9.64 0.510
9.65 0.513
9.66 0.499
9.67 0.492
9.68 0.507
9.69 0.512
9.7 0.604
9.71 0.584
9.72 0.596
9.73 0.512
9.74 0.509
9.75 0.514
9.76 0.510
9.77 0.586
9.78 0.597
9.79 0.442
9.8 0.513
9.81 0.506
9.82 0.502
9.83 0.511
9.84 0.525
9.85 0.510
9.86 0.627
9.87 0.521
9.88 0.532
9.89 0.511
9.9 0.501
9.91 0.509
9.92 0.497
9.93 0.512
9.94 0.593
9.95 0.508
9.96 0.512
9.97 0.509
9.98 0.596
9.99 0.588
10 0.562
