0.001 0.677
0.002 0.476
0.003 0.422
0.004 0.414
0.005 0.416
0.006 0.377
0.007 0.480
0.008 0.534
0.009 0.508
0.01 0.414
0.011 0.533
0.012 0.473
0.013 0.479
0.014 0.392
0.015 0.500
0.016 0.394
0.017 0.401
0.018 0.475
0.019 0.491
0.02 0.492
0.021 0.491
0.022 0.477
0.023 0.491
0.024 0.492
0.025 0.493
0.026 0.398
0.027 0.502
0.028 0.494
0.029 0.491
0.03 0.450
0.031 0.500
0.032 0.490
0.033 0.491
0.034 0.490
0.035 0.491
0.036 0.501
0.037 0.500
0.038 0.464
0.039 0.404
0.04 0.508
0.041 0.499
0.042 0.471
0.043 0.497
0.044 0.501
0.045 0.495
0.046 0.466
0.047 0.503
0.048 0.499
0.049 0.495
0.05 0.402
0.051 0.505
0.052 0.495
0.053 0.499
0.054 0.465
0.055 0.501
0.056 0.499
0.057 0.497
0.058 0.467
0.059 0.501
0.06 0.501
0.061 0.500
0.062 0.469
0.063 0.501
0.064 0.488
0.065 0.498
0.066 0.506
0.067 0.496
0.068 0.500
0.069 0.500
0.07 0.471
0.071 0.496
0.072 0.500
0.073 0.446
0.074 0.476
0.075 0.497
0.076 0.499
0.077 0.498
0.078 0.468
0.079 0.505
0.08 0.498
0.081 0.499
0.082 0.473
0.083 0.499
0.084 0.500
0.085 0.495
0.086 0.473
0.087 0.500
0.088 0.479
0.089 0.500
0.09 0.397
0.091 0.501
0.092 0.504
0.093 0.497
0.094 0.505
0.095 0.501
0.096 0.497
0.097 0.497
0.098 0.499
0.099 0.497
0.1 0.498
