0.001 0.595
0.002 0.513
0.003 0.511
0.004 0.389
0.005 0.503
0.006 0.510
0.007 0.390
0.008 0.388
0.009 0.423
0.01 0.394
0.011 0.502
0.012 0.397
0.013 0.480
0.014 0.497
0.015 0.490
0.016 0.377
0.017 0.397
0.018 0.365
0.019 0.381
0.02 0.383
0.021 0.480
0.022 0.491
0.023 0.492
0.024 0.491
0.025 0.482
0.026 0.490
0.027 0.494
0.028 0.493
0.029 0.498
0.03 0.498
0.031 0.494
0.032 0.518
0.033 0.484
0.034 0.494
0.035 0.492
0.036 0.491
0.037 0.492
0.038 0.491
0.039 0.514
0.04 0.494
0.041 0.507
0.042 0.490
0.043 0.513
0.044 0.498
0.045 0.507
0.046 0.496
0.047 0.503
0.048 0.496
0.049 0.503
0.05 0.498
0.051 0.500
0.052 0.394
0.053 0.514
0.054 0.496
0.055 0.469
0.056 0.502
0.057 0.474
0.058 0.497
0.059 0.497
0.06 0.501
0.061 0.497
0.062 0.504
0.063 0.466
0.064 0.406
0.065 0.496
0.066 0.504
0.067 0.500
0.068 0.538
0.069 0.384
0.07 0.377
0.071 0.373
0.072 0.372
0.073 0.493
0.074 0.492
0.075 0.493
0.076 0.495
0.077 0.496
0.078 0.492
0.079 0.403
0.08 0.500
0.081 0.491
0.082 0.491
0.083 0.491
0.084 0.503
0.085 0.502
0.086 0.498
0.087 0.497
0.088 0.501
0.089 0.498
0.09 0.496
0.091 0.497
0.092 0.512
0.093 0.485
0.094 0.504
0.095 0.499
0.096 0.506
0.097 0.499
0.098 0.498
0.099 0.498
0.1 0.404
0.101 0.510
0.102 0.485
0.103 0.504
0.104 0.507
0.105 0.500
0.106 0.502
0.107 0.503
0.108 0.474
0.109 0.493
0.11 0.505
0.111 0.499
0.112 0.460
0.113 0.468
0.114 0.500
0.115 0.497
0.116 0.439
0.117 0.504
0.118 0.497
0.119 0.495
0.12 0.425
0.121 0.502
0.122 0.499
0.123 0.408
0.124 0.372
0.125 0.504
0.126 0.499
0.127 0.496
0.128 0.404
0.129 0.503
0.13 0.472
0.131 0.499
0.132 0.401
0.133 0.508
0.134 0.494
0.135 0.424
0.136 0.398
0.137 0.508
0.138 0.497
0.139 0.496
0.14 0.406
0.141 0.501
0.142 0.494
0.143 0.497
0.144 0.404
0.145 0.500
0.146 0.495
0.147 0.499
0.148 0.399
0.149 0.509
0.15 0.495
0.151 0.498
0.152 0.478
0.153 0.494
0.154 0.498
0.155 0.499
0.156 0.401
0.157 0.486
0.158 0.497
0.159 0.498
0.16 0.397
0.161 0.502
0.162 0.496
0.163 0.498
0.164 0.394
0.165 0.381
0.166 0.489
0.167 0.391
0.168 0.400
0.169 0.495
0.17 0.493
0.171 0.488
0.172 0.495
0.173 0.456
0.174 0.491
0.175 0.487
0.176 0.496
0.177 0.497
0.178 0.472
0.179 0.499
0.18 0.461
0.181 0.505
0.182 0.498
0.183 0.499
0.184 0.459
0.185 0.498
0.186 0.461
0.187 0.504
0.188 0.463
0.189 0.498
0.19 0.389
0.191 0.396
0.192 0.376
0.193 0.502
0.194 0.487
0.195 0.498
0.196 0.400
0.197 0.508
0.198 0.495
0.199 0.462
0.2 0.463
0.201 0.499
0.202 0.496
0.203 0.498
0.204 0.465
0.205 0.501
0.206 0.497
0.207 0.496
0.208 0.465
0.209 0.501
0.21 0.498
0.211 0.494
0.212 0.460
0.213 0.496
0.214 0.483
0.215 0.491
0.216 0.462
0.217 0.491
0.218 0.489
0.219 0.384
0.22 0.502
0.221 0.488
0.222 0.456
0.223 0.490
0.224 0.457
0.225 0.497
0.226 0.491
0.227 0.492
0.228 0.459
0.229 0.497
0.23 0.490
0.231 0.463
0.232 0.463
0.233 0.492
0.234 0.490
0.235 0.492
0.236 0.473
0.237 0.492
0.238 0.493
0.239 0.494
0.24 0.465
0.241 0.493
0.242 0.489
0.243 0.498
0.244 0.492
0.245 0.496
0.246 0.490
0.247 0.490
0.248 0.494
0.249 0.490
0.25 0.491
0.251 0.492
0.252 0.493
0.253 0.490
0.254 0.491
0.255 0.488
0.256 0.496
0.257 0.484
0.258 0.491
0.259 0.489
0.26 0.396
0.261 0.373
0.262 0.457
0.263 0.465
0.264 0.465
0.265 0.490
0.266 0.489
0.267 0.489
0.268 0.471
0.269 0.491
0.27 0.486
0.271 0.497
0.272 0.474
0.273 0.494
0.274 0.492
0.275 0.490
0.276 0.461
0.277 0.494
0.278 0.488
0.279 0.490
0.28 0.468
0.281 0.523
0.282 0.479
0.283 0.493
0.284 0.473
0.285 0.384
0.286 0.501
0.287 0.492
0.288 0.471
0.289 0.494
0.29 0.399
0.291 0.400
0.292 0.472
0.293 0.497
0.294 0.490
0.295 0.469
0.296 0.475
0.297 0.491
0.298 0.489
0.299 0.491
0.3 0.477
0.301 0.492
0.302 0.494
0.303 0.493
0.304 0.481
0.305 0.494
0.306 0.488
0.307 0.493
0.308 0.482
0.309 0.498
0.31 0.492
0.311 0.491
0.312 0.481
0.313 0.492
0.314 0.488
0.315 0.490
0.316 0.458
0.317 0.490
0.318 0.490
0.319 0.490
0.32 0.478
0.321 0.491
0.322 0.485
0.323 0.493
0.324 0.480
0.325 0.499
0.326 0.493
0.327 0.477
0.328 0.482
0.329 0.493
0.33 0.490
0.331 0.493
0.332 0.457
0.333 0.494
0.334 0.491
0.335 0.492
0.336 0.484
0.337 0.492
0.338 0.489
0.339 0.490
0.34 0.484
0.341 0.497
0.342 0.491
0.343 0.492
0.344 0.485
0.345 0.490
0.346 0.490
0.347 0.494
0.348 0.485
0.349 0.490
0.35 0.488
0.351 0.491
0.352 0.489
0.353 0.490
0.354 0.487
0.355 0.492
0.356 0.488
0.357 0.497
0.358 0.490
0.359 0.484
0.36 0.486
0.361 0.491
0.362 0.491
0.363 0.383
0.364 0.487
0.365 0.492
0.366 0.488
0.367 0.493
0.368 0.488
0.369 0.490
0.37 0.460
0.371 0.390
0.372 0.490
0.373 0.494
0.374 0.492
0.375 0.495
0.376 0.490
0.377 0.488
0.378 0.490
0.379 0.525
0.38 0.372
0.381 0.370
0.382 0.364
0.383 0.361
0.384 0.482
0.385 0.483
0.386 0.487
0.387 0.516
0.388 0.465
0.389 0.492
0.39 0.485
0.391 0.522
0.392 0.484
0.393 0.483
0.394 0.482
0.395 0.393
0.396 0.486
0.397 0.491
0.398 0.488
0.399 0.523
0.4 0.493
0.401 0.490
0.402 0.371
0.403 0.363
0.404 0.490
0.405 0.486
0.406 0.483
0.407 0.500
0.408 0.485
0.409 0.482
0.41 0.483
0.411 0.495
0.412 0.492
0.413 0.489
0.414 0.492
0.415 0.495
0.416 0.489
0.417 0.491
0.418 0.491
0.419 0.498
0.42 0.490
0.421 0.493
0.422 0.497
0.423 0.494
0.424 0.491
0.425 0.489
0.426 0.493
0.427 0.495
0.428 0.492
0.429 0.489
0.43 0.491
0.431 0.494
0.432 0.491
0.433 0.489
0.434 0.501
0.435 0.494
0.436 0.491
0.437 0.494
0.438 0.487
0.439 0.494
0.44 0.490
0.441 0.490
0.442 0.492
0.443 0.505
0.444 0.492
0.445 0.490
0.446 0.489
0.447 0.495
0.448 0.485
0.449 0.489
0.45 0.490
0.451 0.509
0.452 0.490
0.453 0.492
0.454 0.494
0.455 0.490
0.456 0.492
0.457 0.489
0.458 0.492
0.459 0.494
0.46 0.488
0.461 0.452
0.462 0.493
0.463 0.416
0.464 0.459
0.465 0.491
0.466 0.490
0.467 0.490
0.468 0.467
0.469 0.498
0.47 0.476
0.471 0.489
0.472 0.463
0.473 0.492
0.474 0.491
0.475 0.489
0.476 0.467
0.477 0.490
0.478 0.489
0.479 0.490
0.48 0.474
0.481 0.491
0.482 0.456
0.483 0.491
0.484 0.467
0.485 0.496
0.486 0.491
0.487 0.469
0.488 0.472
0.489 0.495
0.49 0.491
0.491 0.491
0.492 0.467
0.493 0.493
0.494 0.492
0.495 0.490
0.496 0.472
0.497 0.492
0.498 0.490
0.499 0.492
0.5 0.472
0.501 0.502
0.502 0.493
0.503 0.497
0.504 0.476
0.505 0.492
0.506 0.494
0.507 0.492
0.508 0.476
0.509 0.491
0.51 0.490
0.511 0.397
0.512 0.479
0.513 0.491
0.514 0.494
0.515 0.489
0.516 0.315
0.517 0.307
0.518 0.301
0.519 0.469
0.52 0.472
0.521 0.488
0.522 0.486
0.523 0.485
0.524 0.475
0.525 0.486
0.526 0.486
0.527 0.487
0.528 0.477
0.529 0.486
0.53 0.486
0.531 0.484
0.532 0.472
0.533 0.490
0.534 0.485
0.535 0.471
0.536 0.476
0.537 0.462
0.538 0.488
0.539 0.488
0.54 0.475
0.541 0.484
0.542 0.484
0.543 0.487
0.544 0.480
0.545 0.485
0.546 0.483
0.547 0.487
0.548 0.473
0.549 0.492
0.55 0.484
0.551 0.417
0.552 0.339
0.553 0.334
0.554 0.336
0.555 0.326
0.556 0.482
0.557 0.493
0.558 0.492
0.559 0.492
0.56 0.488
0.561 0.492
0.562 0.492
0.563 0.492
0.564 0.486
0.565 0.351
0.566 0.320
0.567 0.301
0.568 0.480
0.569 0.486
0.57 0.483
0.571 0.486
0.572 0.489
0.573 0.387
0.574 0.490
0.575 0.485
0.576 0.456
0.577 0.486
0.578 0.485
0.579 0.486
0.58 0.482
0.581 0.405
0.582 0.492
0.583 0.489
0.584 0.486
0.585 0.483
0.586 0.485
0.587 0.489
0.588 0.366
0.589 0.366
0.59 0.366
0.591 0.365
0.592 0.485
0.593 0.485
0.594 0.484
0.595 0.524
0.596 0.480
0.597 0.487
0.598 0.483
0.599 0.527
0.6 0.478
0.601 0.483
0.602 0.483
0.603 0.535
0.604 0.481
0.605 0.486
0.606 0.486
0.607 0.364
0.608 0.488
0.609 0.366
0.61 0.363
0.611 0.325
0.612 0.489
0.613 0.366
0.614 0.361
0.615 0.364
0.616 0.487
0.617 0.484
0.618 0.482
0.619 0.508
0.62 0.482
0.621 0.469
0.622 0.487
0.623 0.498
0.624 0.485
0.625 0.484
0.626 0.481
0.627 0.494
0.628 0.483
0.629 0.486
0.63 0.481
0.631 0.416
0.632 0.364
0.633 0.363
0.634 0.363
0.635 0.400
0.636 0.489
0.637 0.483
0.638 0.485
0.639 0.489
0.64 0.482
0.641 0.482
0.642 0.484
0.643 0.491
0.644 0.484
0.645 0.487
0.646 0.490
0.647 0.492
0.648 0.482
0.649 0.483
0.65 0.487
0.651 0.488
0.652 0.482
0.653 0.485
0.654 0.486
0.655 0.484
0.656 0.481
0.657 0.481
0.658 0.482
0.659 0.371
0.66 0.490
0.661 0.487
0.662 0.483
0.663 0.488
0.664 0.488
0.665 0.486
0.666 0.484
0.667 0.489
0.668 0.483
0.669 0.483
0.67 0.482
0.671 0.488
0.672 0.484
0.673 0.483
0.674 0.482
0.675 0.488
0.676 0.486
0.677 0.490
0.678 0.486
0.679 0.490
0.68 0.484
0.681 0.482
0.682 0.484
0.683 0.491
0.684 0.491
0.685 0.495
0.686 0.494
0.687 0.493
0.688 0.486
0.689 0.457
0.69 0.496
0.691 0.401
0.692 0.487
0.693 0.494
0.694 0.489
0.695 0.391
0.696 0.486
0.697 0.492
0.698 0.490
0.699 0.394
0.7 0.499
0.701 0.478
0.702 0.491
0.703 0.395
0.704 0.496
0.705 0.490
0.706 0.489
0.707 0.395
0.708 0.490
0.709 0.496
0.71 0.402
0.711 0.391
0.712 0.499
0.713 0.491
0.714 0.488
0.715 0.393
0.716 0.498
0.717 0.488
0.718 0.385
0.719 0.477
0.72 0.489
0.721 0.370
0.722 0.498
0.723 0.390
0.724 0.494
0.725 0.492
0.726 0.490
0.727 0.392
0.728 0.494
0.729 0.491
0.73 0.492
0.731 0.393
0.732 0.496
0.733 0.493
0.734 0.465
0.735 0.397
0.736 0.454
0.737 0.496
0.738 0.493
0.739 0.396
0.74 0.494
0.741 0.458
0.742 0.401
0.743 0.459
0.744 0.492
0.745 0.493
0.746 0.482
0.747 0.399
0.748 0.495
0.749 0.490
0.75 0.489
0.751 0.450
0.752 0.495
0.753 0.492
0.754 0.483
0.755 0.461
0.756 0.493
0.757 0.488
0.758 0.486
0.759 0.393
0.76 0.369
0.761 0.495
0.762 0.484
0.763 0.462
0.764 0.495
0.765 0.493
0.766 0.492
0.767 0.457
0.768 0.487
0.769 0.484
0.77 0.492
0.771 0.459
0.772 0.486
0.773 0.499
0.774 0.457
0.775 0.459
0.776 0.495
0.777 0.492
0.778 0.492
0.779 0.394
0.78 0.498
0.781 0.495
0.782 0.484
0.783 0.460
0.784 0.467
0.785 0.472
0.786 0.493
0.787 0.459
0.788 0.493
0.789 0.495
0.79 0.491
0.791 0.462
0.792 0.485
0.793 0.486
0.794 0.495
0.795 0.455
0.796 0.497
0.797 0.484
0.798 0.494
0.799 0.464
0.8 0.496
0.801 0.485
0.802 0.489
0.803 0.388
0.804 0.359
0.805 0.471
0.806 0.455
0.807 0.459
0.808 0.486
0.809 0.386
0.81 0.491
0.811 0.468
0.812 0.485
0.813 0.484
0.814 0.485
0.815 0.460
0.816 0.489
0.817 0.485
0.818 0.487
0.819 0.460
0.82 0.495
0.821 0.497
0.822 0.493
0.823 0.467
0.824 0.486
0.825 0.491
0.826 0.487
0.827 0.496
0.828 0.495
0.829 0.490
0.83 0.464
0.831 0.463
0.832 0.494
0.833 0.497
0.834 0.492
0.835 0.467
0.836 0.493
0.837 0.496
0.838 0.464
0.839 0.471
0.84 0.491
0.841 0.492
0.842 0.489
0.843 0.468
0.844 0.493
0.845 0.473
0.846 0.492
0.847 0.473
0.848 0.492
0.849 0.490
0.85 0.494
0.851 0.389
0.852 0.493
0.853 0.496
0.854 0.492
0.855 0.394
0.856 0.496
0.857 0.494
0.858 0.508
0.859 0.389
0.86 0.498
0.861 0.491
0.862 0.508
0.863 0.466
0.864 0.492
0.865 0.509
0.866 0.383
0.867 0.474
0.868 0.484
0.869 0.488
0.87 0.465
0.871 0.468
0.872 0.493
0.873 0.487
0.874 0.485
0.875 0.470
0.876 0.484
0.877 0.483
0.878 0.484
0.879 0.467
0.88 0.483
0.881 0.485
0.882 0.484
0.883 0.471
0.884 0.391
0.885 0.308
0.886 0.494
0.887 0.474
0.888 0.473
0.889 0.489
0.89 0.483
0.891 0.488
0.892 0.482
0.893 0.481
0.894 0.502
0.895 0.508
0.896 0.499
0.897 0.505
0.898 0.501
0.899 0.480
0.9 0.491
0.901 0.492
0.902 0.475
0.903 0.495
0.904 0.490
0.905 0.489
0.906 0.488
0.907 0.496
0.908 0.489
0.909 0.490
0.91 0.490
0.911 0.496
0.912 0.492
0.913 0.458
0.914 0.371
0.915 0.475
0.916 0.494
0.917 0.493
0.918 0.489
0.919 0.483
0.92 0.489
0.921 0.490
0.922 0.496
0.923 0.484
0.924 0.492
0.925 0.504
0.926 0.500
0.927 0.485
0.928 0.492
0.929 0.490
0.93 0.501
0.931 0.501
0.932 0.491
0.933 0.493
0.934 0.481
0.935 0.484
0.936 0.491
0.937 0.492
0.938 0.383
0.939 0.499
0.94 0.490
0.941 0.489
0.942 0.492
0.943 0.494
0.944 0.501
0.945 0.480
0.946 0.491
0.947 0.491
0.948 0.489
0.949 0.495
0.95 0.489
0.951 0.458
0.952 0.493
0.953 0.489
0.954 0.491
0.955 0.479
0.956 0.481
0.957 0.491
0.958 0.508
0.959 0.479
0.96 0.489
0.961 0.488
0.962 0.525
0.963 0.489
0.964 0.485
0.965 0.487
0.966 0.391
0.967 0.479
0.968 0.487
0.969 0.483
0.97 0.492
0.971 0.487
0.972 0.488
0.973 0.341
0.974 0.369
0.975 0.480
0.976 0.489
0.977 0.481
0.978 0.512
0.979 0.483
0.98 0.484
0.981 0.486
0.982 0.541
0.983 0.480
0.984 0.484
0.985 0.484
0.986 0.510
0.987 0.481
0.988 0.394
0.989 0.492
0.99 0.528
0.991 0.489
0.992 0.491
0.993 0.491
0.994 0.386
0.995 0.486
0.996 0.491
0.997 0.509
0.998 0.491
0.999 0.489
1 0.483
